    75.0948271,     39.946652,    0040.0678907,  76.4287366,  000062.778
    038.207011,00069.1662, 2.2929683,    000055.18835,      44.97346376
  0036.08686,     11.249705,    36.71430588, 000000015.48,0051.05421
    79.49618,    0003.0556269,      52.84420583,     000047.384, 0032.967
  00055.838, 0030.7531,      70.52479448,  00058.508243,     000062.0194
      71.9994888,     0023.339421,   0058.8014615,    0081.0059, 0000036.698
   44.9094596,      0000029.492, 0000029.688,      079.05864,     000011.967
     00060.4118,  036.5702, 00069.580148,    038.1187,027.7285
    65.321167,     0042.0738907,  00059.5896,  00011.8751, 0015.8410081
    027.7160386,     02.7587645,      29.03208784,    22.6353488,00052.9651
 00026.521621,     0095.9711,   41.25982756,   63.92582912,      88.30807263
  0074.871,  00039.661461,  0.391554401,      13.745464,  0000098.8265
     089.786986,    000053.74316,      0070.8565,000030.45554,   00077.93329
 37.327067,    46.1410325,   00000055.877,  52.27911119,   048.97462
     91.33253,    00029.505,      00024.003927,      00000090.055,   007.28375
   000.14317,  00093.261, 62.08947148,33.398416,    000034.33415
   0012.14635,      00029.52,    0055.045,  45.09556667,     043.6700352
 0049.238025,    00079.3279,  00027.53504,  00038.136871,  00058.66933
 094.0047,      0000070.7958,   28.8529996,      0065.9293639,      00000067.457
  0000086.9096,   00046.599,  00000018.452,  0036.7729994,  014.3632277
     000053.41971,0065.0422843,045.2901287,      37.5544574,076.64976948
      0052.56626,   0017.146,  00015.366145,     000035.7262,    00086.9989
    00015.050745,      00017.585,     058.6169, 000031.304,000017.7425
     0055.942588,  48.6290385,     00069.0946,00048.664, 18.71043
  9.04352347,    0036.452,      78.11430042,000063.0336,  0005.8142
094.31152,000011.98543,     008.7826552,  037.38580189, 95.6667414
    94.804649,      00043.087054,     0052.894944,79.975877,0095.6947044
    74.64320557,    94.02374981,   07.061258901,  0021.4933,00054.82271
60.8017457,29.98157302, 53.936709,0000072.459,  071.80568377
  0003.1645,00027.087,     84.353952,     52.83948,  0018.451
    000015.80914,  0098.2496,      00052.455234,    6.08117497, 000051.26011
   00010.346,      0000064.4661,      96.80554006,    000083.61399,     08.4273711
  0000022.3721,  04.691837, 084.3651499, 000098.03853,     0041.4094399
  0013.7233,   039.046085,    0089.9612955,      0047.207977,  8.609076141
0079.7799966,0092.316007,   0000065.8512,     00048.618767,      49.63706939
 89.6835932,  16.10188263,    000004.53413,   2.928071716, 00063.317
      0000083.696, 000000051.69,     027.7019804,  026.8162253,  012.6438
0000059.2612, 0007.333,   47.9662525,      0000071.5216,  09.1661818
   00013.40247,     000000023.63,      92.05223, 001.01651028,   83.600126
  027.0398,  000087.5715, 34.3625251,047.3005971,    23.474969
  0022.35588, 0001.52343,   32.7119502,070.93439769,      043.762111
      12.1201743,  82.63839,     000082.161,  000082.4515,  000030.31794
 096.83082804,    91.32112533,  0020.00477,  13.710768, 96.93667333
 00003.6518,     0010.843,   00021.880118,    0000012.2422,  40.96448
007.80401,00036.80795,    94.04850727, 062.8038, 73.2435272
    000064.1173,      67.72818775,      00065.874,     000060.772,      00010.0601
   51.839728,  000091.52809,     00023.57499,    23.69502132,      00058.41008
      20.262837,   082.52447,   74.65824, 41.60748642,     079.3959726
  0036.4551668, 00090.678388,   000053.93405,   058.442543, 047.670168
      0000018.068, 040.1337,      88.85403467,  054.8758, 0068.2772974
    0088.179185,   72.50931313,   83.47380224,      13.9577271,0049.868304
    1.80040916,  07.8961799,    000049.735,     042.351203,     72.94015404
      85.60491268,   44.7105139,   00084.5342,   39.331777,      27.60064105
   25.49164263, 0085.86452,50.775535,67.4372833,59.682758
   0000039.401, 000061.00089,    079.2085,      064.6547,35.49701
 00059.9291,   6.24959082,  000026.8542,      0082.5488,    0041.21844
45.30668323,  63.44341144,    96.4014147, 42.140053,    083.93399
   00019.12213,  00047.4804,  74.925644,     00032.6847, 000066.0253
    0097.51123,     94.47011123,   0000055.259, 00067.426239,83.163025
  00020.49387,59.980422,      035.09652,   0000001.5152,    025.70533
    24.057834,     96.8856807,  0000071.019, 0000049.7212,     17.762229
    96.90734087, 23.766705,00015.574,      53.9548882, 15.23660682
     00037.75623, 0084.794,  026.5574643,    015.812643, 00075.8372
00032.981774,  0000077.7446,    65.71339415,   14.89426279,    20.3216389
 61.32360947,052.00039275,0028.998,  00009.411207,  0033.41812
  37.49785,  0000028.779,      27.849783,    82.00685635,75.45514298
     00.85657,     0000041.588,    93.17225802,    00086.84503,000079.4435
     85.8556838,      070.22313945,  0098.598,  0015.20693,000042.70898
    00042.091832,   86.72792,096.9471,    9.2401338,   92.673459
      47.94697244,  71.11944,     089.59524058,   10.203161,  0020.2019618
   056.518708, 0088.2466, 98.50408422,    59.81858,      87.60788
    00051.6317,      86.24613325,000.48293647, 028.6822,      0016.85572
092.3006,     88.14168007,000046.8936, 000036.003,      000080.06955
      89.105754, 5.09844528, 21.37077005, 48.8139426,0062.68762
  32.17188754,    00085.61499,  0000089.6049,      34.4696671,  000090.041
  000005.10864,   96.903094, 00044.249,0051.896368,      0001.8763297
    26.10790772,  0000034.3201,   16.5244154,   0055.7172,000072.664
   0041.5392946,     92.899383,    0039.987,0000080.2844,     44.51546
  00000094.345,      0000049.9246, 0045.659333,     91.74291,      0058.322255
  43.86172983,      00045.97988,      00039.498566,    046.30541436,      000065.049
     00051.348,62.2914158,00089.394527,    04.02251,     89.1800082
   00030.239,  00062.734,    00000.30349,   0000021.2246,      093.1091
     75.41873879, 50.36583149,    0017.36715,      0089.28564,    072.45344
     000022.598,    000023.701,    036.204703,   42.31696534, 0018.173344
000028.9052,16.14468793,     0000065.407,     86.45845, 042.78167
58.258183,      0000086.3242,    000035.23598,   0000060.5206,   071.54181701
  0055.82879,     000009.20145,00000046.201,  47.6530371,     000036.867
    28.5898854,      0063.068486,  51.0734825,    0035.089383, 0078.826795
   00014.1467,     066.5160637,016.3291,  000043.2302,0000073.382
  58.960806,    69.668754,      00000086.542,  49.93220311,   0055.64828
     084.15356,     046.7432179, 059.3011,  56.58488758, 0071.3912759
     83.31029508, 00000058.469,00010.1547,     0036.0519,    028.5534421
     51.25490492,033.276666,  000056.5826,      003.2012,     000067.611
    22.3226885,      00000.314263,   10.68187394, 60.609339,   0063.891
    54.54058324,      91.09609056,   00070.260097,000088.552,     0059.576
80.116427,   29.42919386,000049.4646,38.6267738,      065.4704
  00070.141, 064.5051, 39.19440333,   63.2051124,      73.6832152
 0055.5637,   95.36852357,   000027.29701,   000019.4624,  0000035.9672
      1.94612058,    34.568723,00000027.226,     000043.573,    27.69741739
000048.0629,  000051.922,   94.97469815,00088.6081,     037.887131
