# Joseph Izaguirre
# 2014-04-29 13:24:11.159091
#  Enjoy!
23.577 19.712 23.681 27.997 34.218
22.592 24.523 29.846 23.149 17.065
12.454 33.614 21.088 19.311 27.796
19.873 13.980 26.991 14.447 15.602
20.483 17.202 25.856 25.671 26.540
31.659 11.294 36.193 21.211 26.923
30.910 30.630 30.946 15.377 29.973
19.321 14.504 11.276 31.225 12.869
18.746 30.334 35.223 18.013 12.273
30.259 20.943 25.996 12.807 32.261
24.858 23.489 19.812 32.262 22.364
36.030 23.003 12.945 13.901 18.336
35.535 11.458 30.574 33.566 26.403
32.033 19.256 35.289 22.001 29.697
12.283 28.331 25.308 16.709 15.578
33.814 30.717 13.030 30.879 25.778
20.619 34.618 23.480 32.888 26.452
27.103 25.527 27.836 35.042 27.337
20.995 15.026 35.281 17.595 20.980
25.272 19.399 14.789 25.233 14.944
35.287 14.520 19.359 36.068 15.670
28.200 13.479 36.184 17.664 35.964
33.903 30.051 30.825 28.066 19.781
12.832 13.386 32.349 19.358 32.390
16.558 12.325 15.659 20.708 24.209
19.513 11.371 21.690 15.913 28.062
23.546 15.082 21.816 29.424 18.094
16.155 27.133 32.192 34.361 25.992
33.301 34.088 13.070 19.324 16.655
25.389 20.114 15.405 35.755 29.560
29.345 22.434 11.718 24.317 31.342
26.851 33.504 26.717 21.041 25.148
19.904 18.834 25.546 32.569 19.201
22.752 12.844 16.897 28.640 19.093
11.750 31.316 19.593 11.316 16.509
12.076 19.248 11.178 28.735 14.605
18.325 34.155 14.180 13.044 11.561
29.704 15.912 15.617 33.474 24.380
19.065 20.040 24.337 26.197 23.752
22.247 14.786 32.098 18.278 25.231
28.324 32.095 35.329 25.956 11.158
31.651 33.536 35.795 33.912 28.679
32.326 21.787 18.354 22.163 26.981
17.796 15.548 35.142 16.003 18.820
14.668 10.734 24.264 15.446 21.730
19.745 27.438 25.140 31.988 35.478
35.707 25.641 14.779 17.522 15.236
20.765 32.222 10.702 23.067 28.668
23.398 25.608 26.168 10.793 17.690
21.277 21.759 17.621 30.394 17.467
32.692 21.767 25.071 12.877 29.207
15.978 15.559 30.567 35.973 35.359
32.865 35.699 19.015 26.020 33.510
33.365 33.283 12.240 26.755 19.770
36.047 25.358 13.198 32.100 26.761
32.771 16.465 32.174 22.864 17.208
12.017 26.272 22.452 29.346 15.936
17.450 33.955 22.256 25.563 33.080
33.332 15.809 34.078 27.151 12.000
17.464 24.023 28.833 15.475 21.256
30.039 15.487 22.167 28.065 22.280
32.151 22.500 12.610 31.151 11.078
12.055 19.548 13.543 24.279 32.923
16.062 32.940 28.747 21.982 19.428
11.842 27.176 33.697 27.701 16.477
32.234 20.132 21.935 25.448 24.236
31.322 14.484 13.330 29.275 36.015
27.882 34.393 31.840 30.082 25.771
14.809 17.594 28.748 13.039 12.953
26.151 35.990 18.671 22.586 29.263
32.952 31.474 30.190 11.466 28.892
14.273 17.453 21.592 27.583 17.183
13.023 33.143 22.182 29.755 31.041
22.286 13.574 35.555 11.787 32.673
33.994 27.207 21.035 24.164 20.828
33.570 32.072 12.872 14.220 28.247
20.000 34.976 20.139 21.702 19.652
27.124 31.096 27.571 15.749 31.747
27.859 25.487 30.952 28.742 21.747
24.330 34.561 11.670 12.885 12.511
32.756 28.347 35.899 28.882 12.164
11.493 29.844 16.204 27.024 16.133
26.162 31.273 17.344 14.551 14.607
17.986 33.367 32.538 19.897 26.954
26.303 30.959 26.684 11.578 28.025
20.389 28.007 35.830 28.702 16.764
16.781 35.962 18.168 31.895 23.062
19.599 20.733 15.642 11.857 15.286
11.244 18.890 15.875 11.056 27.369
15.925 16.870 21.100 25.000 35.652
31.553 31.459 29.791 10.985 19.582
29.485 32.068 25.235 36.014 25.010
18.148 22.869 22.557 35.622 30.156
20.660 33.205 20.652 28.308 27.634
34.475 16.764 18.867 32.614 18.364
24.005 33.772 35.500 32.274 10.848
17.565 34.232 18.514 30.809 29.962
11.505 26.242 16.314 12.092 12.822
35.685 22.423 23.944 16.817 35.852
23.703 32.447 12.019 23.650 22.385
